000000000000000000000000000000000000000000000000000000000000
000000000000000000000000000000000000000000000000000000000000
000000000000000000000000000000000000000000000000000000000000
111111111111111111111111111111111111111111111111111111111111
111111111111111111111111111111111111111111111111111111111111
110000000000000000000000000000000000000000000000000000000000
110000000000000000000000000000000000000000000000000000000000
110000000000000000000000000000000000000000000000000000000000
11000000000000000000000000000000000000000000000000000000000000
11000000000000000000000000000000000000000000111111000000000000000
11000000000000000000000000000000000000000000111111000000000000000
11000000000000000000000000000000000000000000111111000000000000000
11000000000000000000000000000000000000000000111111000000000000000
11000000000000000000000000000000000000000000111111000000000000000
11000000000000000000000000000000000000000000111111000000000000000
1100000000000000000000000000000000000000000000000000000000000000
1100000000011111000000000000000000000000000000000000000000000000
1100000000011111000000000000000000000000000000000000000000000000
1100000000000011000000000000000000000000000000000000000000000000
11000000000000110000000000011111111110000000000000000000011111111110000000000011
11000000000000110000000000011111111110000000000000000000011111111110000000000011
11000000000000110000000000011111111110000000000000000000011111111110000000000011
110000000000001100000000000000000000000000000000000000000000000000
110000000001111100000000000000000000000000000000000000000000000000
110000000001111100000000000000000000000000000000000000000000000000000
110000000000000000000000000000000000000000000000000000000000000000
1100000000000000000000000000000000000000000011111100000000000000000
11000000000000000000000000000000000000000000111111000000000000000000
11000000000000000000000000000000000000000000111111000000000000000000
1100000000000000000000000000000000000000000011111100000000000000000000
1100000000000000000000000000000000000000000011111100000000000000000000
11000000000000000000000000000000000000000000111111000000000000000000000
1100000000000000000000000000000000000000000000000000000000000000000000
1100000000000000000000000000000000000000000000000000000000000000000
110000000000000000000000000000000000000000000000000000000000000000000
1100000000000000000000000000000000000000000000000000000000000000000000
111111111111111111111111111111111111111111111111111111111111111111111
111111111111111111111111111111111111111111111111111111111111111111111
